4423
4017
2062
872
6255
-502
7534
-1264
2819
-12
7321
4505
2306
-1866
5318
5918
6209
-1143
-983
2076
3444
299
3773
553
1527
6762
5711
6071
1193
7914
7403
-1336
-283
1057
6964
6774
1120
403
-1567
7861
-1938
5569
2322
4161
6604
3880
3638
7744
2866
3857
3316
1500
6850
7302
-423
-1256
-82
-764
1302
-1093
1497
3358
-377
-1670
5130
3122
168
639
1850
-1802
-1864
4927
-1785
4639
-1034
4879
-1265
6964
7249
6779
-984
2895
-1724
1568
7399
3606
6423
5971
2430
-1338
3104
1259
1545
7306
3409
6534
5316
-166
234
668
4705
5864
-1026
4216
1943
4052
6372
1564
3023
3962
4652
465
4651
5558
4102
1008
3305
7190
7673
3098
5343
3264
-1372
4284
3278
5391
2966
5255
7241
7478
1947
4032
335
1405
5078
4073
-1757
1359
2838
2001
6830
917
3718
1322
4890
3199
4904
3690
4031
3120
-713
-1382
-1085
-1603
7876
5133
5295
-686
-452
856
5973
2815
1094
6508
4863
-1635
-1253
4718
2332
2033
4983
6850
5350
-1900
388
4808
4988
1882
4011
7928
-277
1507
5691
532
1600
348
4216
17
-1157
399
3875
6319
43
4839
33
459
-1833
5505
-333
5522
-986
4187
5522
28
1967
1801
2573
5152
1313
7428
-1229
6931
1362
6438
5525
-1875
-822
651
1602
3878
-628
6946
7277
6552
7848
-662
-943
5986
5387
4485
4503
-603
5539
2199
-1531
1738
4827
1000
3136
6981
4247
-1277
1872
3389
6601
7107
5906
747
4822
-630
7237
2816
3805
-277
6408
1344
2588
5426
-1679
3648
-1552
839
3760
-1313
4479
2382
4581
2798
-644
-543
1189
7375
4101
-1557
-1177
1404
3939
7593
3236
3266
411
7290
-1761
3241
5790
1847
5316
-1981
4699
4203
2965
-1212
3849
2001
1567
7992
3863
2356
-1017
-1312
4945
6950
5880
902
6348
365
-1069
-696
-1345
306
5089
2226
-304
-537
7462
3735
-1638
3988
-844
6650
1383
1481
-1626
6677
6503
1390
2947
903
1621
2223
6763
4781
2544
3103
6333
-191
-1066
5003
4520
3361
554
368
641
1118
-1164
155
6025
7708
-1171
6285
5951
-221
5041
2173
-1276
7964
-397
630
5537
-1517
4744
2025
3041
4209
7769
4464
1622
7323
5582
-420
7924
3555
6082
3540
3494
4508
5197
2692
6126
1587
943
5226
3848
-486
-188
1341
2349
4106
-812
7770
2542
-618
5580
381
4713
6096
176
4900
2536
-1344
3840
7358
7296
3665
1448
5604
5007
5668
1913
4349
175
7969
4302
2508
7097
2936
2848
4511
7226
5701
2514
1283
5893
5024
6826
6790
6435
7009
6083
-1106
7730
1623
3176
1135
662
1667
-772
7312
4556
4948
5922
2386
2566
1362
-1031
-325
-712
-1432
2506
194
-1393
7618
7438
6712
746
3781
1621
-1255
3339
2144
7001
3542
6778
4422
894
91
7078
6096
7376
6045
3752
5339
675
854
7246
2613
4424
2716
-70
2281
1537
958
380
6204
5137
-453
4443
5260
5921
983
-545
7404
5926
-71
-278
7953
5239
4951
6162
5535
-634
6662
-398
7960
1500
2796
-979
6993
7652
4723
2137
2519
5471
5208
1365
-1437
6986
1754
6150
5523
-179
4291
4910
5376
-238
992
-181
7100
-1528
-1056
577
7230
-693
-360
3678
-1181
7893
5963
6707
-412
-1765
-1374
4018
811
6171
203
7778
7271
4746
477
2748
2868
1743
2078
1730
6468
6223
2516
579
6811
4819
7818
4102
7268
3815
6893
5731
324
75
582
5481
2684
-1553
7942
-1287
7999
1670
705
6485
7536
7664
6512
4811
-545
116
4891
578
3657
4600
6804
-1377
3008
7561
3717
1074
-683
5465
1850
2499
5464
3996
2046
1059
-1388
4732
5200
1318
7551
-607
560
-1823
5792
4594
2677
961
-1884
5251
1152
1122
5085
6427
4604
-1716
7051
4776
7333
6648
1822
5540
7984
342
-1322
4560
65
4308
-1076
-815
4025
1675
1440
4184
1106
-277
263
3638
4525
1996
2222
3765
2951
4605
-177
3029
-1786
1760
-404
5349
5993
3481
-1733
3560
3090
-1397
7366
4512
5852
4206
914
-501
-954
1022
3274
1074
5691
1986
3232
2912
4572
1208
906
-72
112
1635
-1765
5256
7050
2036
2086
6881
3213
2500
1012
-1245
1133
3765
7216
-53
-655
2023
24
7829
4182
4841
3957
-322
-136
2365
5497
6249
4658
3629
7809
1141
1452
947
1352
5016
-347
-888
3050
-679
-1912
2111
6358
335
6067
6685
773
-286
453
3152
1261
-1863
-1051
6182
965
6276
4756
-227
6669
6756
1858
7833
7665
160
3347
2577
2152
-792
54
-654
3217
3563
5053
7514
5142
5713
4956
3217
3306
1233
1487
5737
-1569
6193
808
1883
1703
1023
7001
6187
-1540
1508
5927
147
-403
520
1858
4648
6884
5556
5496
5096
1690
7268
3371
2593
7474
616
6176
893
2691
1665
5828
2513
2755
-951
317
1520
83
-148
3409
2151
-1604
2726
1084
7135
4680
-445
5619
1448
2435
-1850
5113
-1472
2226
4241
2773
1073
3951
4134
2023
5022
-1821
-67
5508
5108
4191
2305
5737
4089
-897
3980
1133
3578
7119
3733
7147
7734
7223
87
2648
-1137
6504
7468
2415
4047
483
7142
30
1858
2466
3984
2331
1482
1238
187
7682
1535
-612
-758
5709
2594
4507
5180
4174
2471
5513
-1544
7688
7701
1371
6851
-170
1075
6934
2551
2805
2455
-245
4926
6334
7047
-1011
7143
6934
862
2206
-521
7246
3516
1657
2357
5678
6344
4393
4594
-165
3197
7159
-270
5245
4008
-584
6183
5151
5746
7514
2577
6018
4789
-1130
6489
-639
4494
6671
-1843
1451
4923
76
1448
7280
4473
622
5984
1023
6832
786
7139
6172
4939
7260
5904
3
7609
4424
588
632
6421
113
6300
-1759
4168
5726
6447
436
-1613
-1641
1476
-31
2828
-78
-1562
5336
-786
1380
5087
6091
7096
-787
-501
1913
6470
-367
5440
-529
7627
5620
2884
3428
7906
157
-1010
6321
3521
7413
5921
7409
1873
4253
7283
-430
-757
5854
3006
2506
-730
7784
-762
2389
3479
2781
3089
3366
3457
5551
2122
7305
1740
-364
811
7225
-1594
3270
1911